Comparing files val.out and KUCH.OUT
***** val.out
85937   71686   N       -202    -202    49      49      0
85937   28381   N       226     226     25      25      1
85937   69169   N       -16     -17     234     234     3
***** KUCH.OUT
85937   71686   N       -202    -202    49      49      0
85937   69169   N       -16     -17     234     234     3
*****

***** val.out
64278   55415   N       -104    -104    147     147     0
45412   48456   N       -225    -225    26      26      1
45412   8968    N       -219    -219    32      32      1
***** KUCH.OUT
64278   55415   N       -104    -104    147     147     0
45412   8968    N       -219    -219    32      32      1
*****

***** val.out
33089   72063   N       46      50      200     200     4
33089   76614   N       220     223     26      26      1
33089   5799    N       48      53      198     198     4
***** KUCH.OUT
33089   72063   N       46      50      200     200     4
33089   5799    N       48      53      198     198     4
*****

***** val.out
33089   84763   N       220     224     26      26      0
33089   44246   N       220     224     26      26      1
33089   87140   N       -136    -131    115     115     1
***** KUCH.OUT
33089   84763   N       220     224     26      26      0
33089   87140   N       -136    -131    115     115     1
*****

***** val.out
52278   10143   N       -22     -20     229     229     9
52278   70747   N       224     226     25      25      1
1050    12222   N       -28     -28     223     223     3
***** KUCH.OUT
52278   10143   N       -22     -20     229     229     9
1050    12222   N       -28     -28     223     223     3
*****

