idA	idB	O	OHA	OHB	OLA	OLB	K
11606	13089	N	-179	-179	72	72	0
11606	61072	N	227	227	24	24	0
11606	92600	N	68	67	183	183	0
11606	56278	N	38	37	213	213	0
11606	107175	N	68	67	183	183	0
61563	1129	N	-197	-187	54	54	0
61563	5264	N	-76	-66	175	175	0
61563	66188	N	-178	-168	73	73	0
61563	35384	N	-72	-66	175	175	0
22603	40055	N	24	25	226	226	0
22603	1713	N	209	208	41	41	0
24787	71686	N	-159	-159	92	92	0
24787	104758	N	-7	-7	244	244	0
24787	1050	N	18	18	233	233	0
24787	45568	N	164	164	87	87	0
85937	3486	N	-50	-50	201	201	0
85937	85802	N	-123	-123	128	128	0
85937	71686	N	-202	-202	49	49	0
85937	46853	N	-169	-169	82	82	0
69352	105946	N	-207	-208	43	43	0
69352	10016	N	-224	-224	27	27	0
69352	8500	N	-165	-165	86	86	0
69352	49341	N	-225	-225	26	26	0
69352	41376	N	-168	-169	82	82	0
41359	32918	N	-202	-203	47	47	0
41359	97740	N	-225	-226	24	24	0
41359	30636	N	-140	-140	110	110	0
41359	47501	N	134	134	116	116	0
41359	13620	N	126	126	124	124	0
41359	9345	N	193	194	57	57	0
41359	13598	N	221	221	29	29	0
63440	10928	N	173	172	78	78	0
83364	90469	N	216	215	35	35	0
83364	43582	N	-205	-205	46	46	0
83364	7603	N	-124	-125	126	126	0
83364	23338	N	218	218	33	33	0
83364	37223	N	99	99	152	152	0
83364	88668	N	-32	-33	218	218	0
22058	70372	N	211	212	39	39	0
1129	51028	N	-224	-224	27	27	0
1129	56278	N	219	218	32	32	0
32399	61051	N	220	221	29	29	0
101936	47848	N	114	118	133	133	0
37427	72063	N	-157	-158	93	93	0
90469	23361	N	-190	-190	60	60	0
90469	23338	N	2	3	248	248	0
90469	37223	N	-117	-116	134	134	0
35908	64278	N	143	143	108	108	0
35908	83014	N	-114	-114	137	137	0
35908	98571	N	-168	-168	83	83	0
35908	101966	N	-129	-129	122	122	0
91373	55103	N	231	231	20	20	0
2424	29562	N	-228	-226	23	23	0
2424	89113	N	-228	-226	23	23	0
2424	68814	N	-228	-226	23	23	0
2424	85472	N	-191	-189	60	60	0
2424	2361	N	-228	-226	23	23	0
32918	97740	N	-23	-23	226	226	0
32918	30636	N	62	63	187	187	0
64278	55415	N	-104	-104	147	147	0
45412	58851	N	184	184	67	67	0
48456	95790	N	-60	-60	191	191	0
33481	6482	N	126	127	123	123	0
33481	48228	N	51	49	198	198	0
14073	12894	N	191	190	60	60	0
14073	46376	N	191	190	60	60	0
14073	9345	N	-180	-180	71	71	0
43582	88668	N	173	172	78	78	0
28690	103081	N	-224	-224	27	27	0
99929	78692	N	211	215	36	36	0
99929	23800	N	221	225	26	26	0
99929	12877	N	-223	-220	27	27	0
97548	16888	N	-51	-52	199	199	0
67552	38406	N	205	205	46	46	0
67552	59735	N	202	201	49	49	0
67552	98826	N	-216	-216	35	35	0
67552	80079	N	-203	-203	48	48	0
32845	38406	N	-227	-227	24	24	0
32845	59735	N	-230	-231	20	20	0
32845	15920	N	-179	-179	72	72	0
32845	35205	N	-214	-214	37	37	0
32845	96202	N	-227	-227	24	24	0
21572	96180	N	195	195	56	56	0
105946	99339	N	104	104	146	146	0
78692	11234	N	170	169	81	81	0
78692	47507	N	133	133	118	118	0
78692	80321	N	-212	-213	38	38	0
78692	101323	N	161	160	90	90	0
78692	20726	N	146	145	105	105	0
78692	86087	N	191	191	60	60	0
78110	14010	N	179	179	72	72	0
78110	58838	N	226	226	25	25	0
78110	52278	N	214	212	37	37	0
32368	29562	N	87	87	164	164	0
32368	22663	N	-39	-39	212	212	0
32368	96313	N	-158	-158	93	93	0
32368	56564	N	-39	-39	212	212	0
76846	67765	N	222	221	29	29	0
30457	52707	N	-130	-132	119	119	0
57504	6482	N	-105	-106	145	145	0
57504	48228	N	-180	-184	67	67	0
29562	85123	N	195	195	56	56	0
29562	22663	N	-126	-126	125	125	0
29562	60354	N	170	170	81	81	0
29562	56564	N	-126	-126	125	125	0
33608	88450	N	-211	-211	40	40	0
51319	85123	N	124	124	127	127	0
51319	60354	N	99	99	152	152	0
857	78341	N	-209	-208	42	42	0
49595	35205	N	-230	-228	21	21	0
49595	14010	N	228	230	21	21	0
49595	75753	N	228	229	21	21	0
51028	13089	N	225	225	26	26	0
64793	51205	N	-28	-28	223	223	0
64793	59036	N	-26	-26	225	225	0
64793	97642	N	220	216	31	31	0
21963	72837	N	-143	-143	108	108	0
73649	38406	N	125	126	125	125	0
73649	59735	N	122	122	128	128	0
69298	33089	N	-213	-215	33	33	0
69298	25006	N	-224	-221	27	27	0
69298	41924	N	-204	-201	47	47	0
69298	84763	N	7	9	241	241	0
97526	101966	N	197	198	53	53	0
33089	70373	N	76	80	170	170	0
33089	30669	N	220	224	26	26	0
33089	84763	N	220	224	26	26	0
12894	2831	N	201	200	49	49	0
12894	46376	N	0	0	250	250	0
12894	36112	N	126	125	124	124	0
12894	10928	N	-145	-145	105	105	0
12894	20111	N	137	130	113	113	0
12894	55470	N	201	200	49	49	0
12894	102740	N	47	48	203	203	0
98807	98826	N	-182	-182	69	69	0
98807	80079	N	-169	-169	82	82	0
98807	55811	N	214	214	37	37	0
38406	3486	N	-120	-120	131	131	0
38406	85802	N	-193	-193	58	58	0
38406	28381	N	156	156	95	95	0
38406	67648	N	212	212	39	39	0
94207	2831	N	-156	-157	93	93	0
94207	20111	N	-220	-227	23	23	0
94207	55470	N	-156	-157	93	93	0
94207	12877	N	-45	-45	205	205	0
309	83602	N	-168	-168	83	83	0
68157	35205	N	-228	-228	23	23	0
68157	14010	N	230	230	21	21	0
68157	75753	N	230	229	21	21	0
28805	83462	N	-104	-104	147	147	0
89113	85472	N	37	37	214	214	0
95741	35091	N	-215	-214	36	36	0
83414	62735	N	172	171	79	79	0
13983	71732	N	168	170	79	79	0
2831	46376	N	-201	-200	49	49	0
2831	8487	N	-163	-161	88	88	0
2831	55470	N	0	0	249	249	0
2831	102740	N	-154	-152	97	97	0
38598	22343	N	-212	-212	38	38	0
38598	86601	N	-191	-192	58	58	0
38598	84558	N	-212	-212	38	38	0
55878	98677	N	111	111	139	139	0
55878	52707	N	126	125	124	124	0
83014	89186	N	147	146	104	104	0
12096	2324	N	-94	-94	156	156	0
23361	23338	N	192	193	58	58	0
62203	47264	N	152	153	98	98	0
35091	40951	N	-195	-195	56	56	0
35091	70305	N	217	216	34	34	0
68814	85123	N	195	195	56	56	0
68814	60354	N	170	170	81	81	0
98571	101966	N	39	39	212	212	0
98571	89186	N	201	200	50	50	0
60835	23782	N	194	198	52	52	0
31976	62512	N	94	95	155	155	0
9557	58838	N	206	206	45	45	0
9557	36852	N	-50	-50	201	201	0
9557	67648	N	-100	-100	151	151	0
9557	10143	N	172	172	79	79	0
9557	75753	N	159	158	92	92	0
85472	16888	N	218	217	33	33	0
6482	85802	N	-166	-165	85	85	0
6482	46853	N	-212	-211	39	39	0
6482	48228	N	-75	-78	172	172	0
6482	11959	N	105	106	145	145	0
97740	30636	N	85	86	164	164	0
70373	87140	N	-212	-211	39	39	0
99339	49992	N	-187	-186	64	64	0
98432	14869	N	-214	-215	36	36	0
98432	72441	N	-171	-172	79	79	0
62277	86087	N	-43	-39	208	208	0
10902	31702	N	85	89	162	162	0
10902	23800	N	225	229	22	22	0
10902	12877	N	-218	-215	32	32	0
52073	5189	N	-40	-39	211	211	0
52073	72063	N	-186	-186	64	64	0
52073	41924	N	-223	-222	28	28	0
52073	80079	N	146	147	104	104	0
52073	44246	N	-12	-12	238	238	0
72859	44904	N	-177	-176	73	73	0
72859	105323	N	-189	-188	61	61	0
30669	57999	N	22	22	228	228	0
30669	25006	N	-231	-230	20	20	0
30669	41924	N	-211	-210	40	40	0
3486	59735	N	117	116	134	134	0
46376	36112	N	126	125	124	124	0
46376	10928	N	-145	-145	105	105	0
46376	20111	N	137	130	113	113	0
46376	55470	N	201	200	49	49	0
46376	102740	N	47	48	203	203	0
13089	106462	N	210	210	41	41	0
13089	56278	N	217	216	34	34	0
25694	57999	N	54	53	197	197	0
25694	98826	N	177	177	74	74	0
25694	80079	N	190	190	61	61	0
25694	63977	N	11	10	240	240	0
5189	72063	N	-146	-147	104	104	0
5189	80079	N	186	186	65	65	0
57999	72063	N	-196	-196	54	54	0
57999	63977	N	-43	-43	207	207	0
72063	76614	N	174	173	76	76	0
72063	67029	N	-228	-227	23	23	0
72063	86858	N	186	186	64	64	0
65943	63578	N	-224	-224	27	27	0
65943	54049	N	212	207	39	39	0
65943	49781	N	-200	-200	51	51	0
65943	61893	N	-28	-29	222	222	0
65943	13990	N	220	220	31	31	0
63578	61893	N	196	195	55	55	0
55648	54466	N	-218	-218	32	32	0
55648	37157	N	64	65	186	186	0
40055	1713	N	185	183	66	66	0
40055	89186	N	228	227	23	23	0
36112	102740	N	-79	-77	172	172	0
49687	2324	N	229	229	21	21	0
49687	65411	N	-210	-211	39	39	0
18851	58851	N	-175	-175	76	76	0
27072	78610	N	-166	-166	83	83	0
85077	71732	N	-68	-70	181	181	0
85077	107234	N	-219	-220	31	31	0
33452	31702	N	193	194	57	57	0
47501	25946	N	109	110	141	141	0
47501	9345	N	59	60	191	191	0
39156	101868	N	96	97	154	154	0
13286	62735	N	170	170	80	80	0
5799	48482	N	141	141	110	110	0
5799	43735	N	184	183	67	67	0
5799	67029	N	-230	-230	21	21	0
5799	25006	N	-59	-59	192	192	0
5799	100935	N	135	135	116	116	0
5799	99761	N	0	0	251	251	0
67765	60763	N	-115	-114	136	136	0
67765	6220	N	-185	-187	63	63	0
67765	52707	N	214	213	36	36	0
59735	85802	N	-190	-189	61	61	0
59735	28381	N	159	160	91	91	0
59735	67648	N	215	216	35	35	0
15920	36852	N	214	214	37	37	0
85802	98826	N	-228	-228	23	23	0
85802	80079	N	-215	-215	36	36	0
22343	8487	N	185	186	65	65	0
70898	97642	N	152	148	99	99	0
10928	9345	N	-226	-225	25	25	0
10928	13598	N	-198	-198	52	52	0
10928	102740	N	192	193	58	58	0
98826	80079	N	13	13	238	238	0
71686	104758	N	152	152	99	99	0
71686	1050	N	177	177	74	74	0
84267	67648	N	-66	-66	185	185	0
84267	45568	N	-227	-227	24	24	0
5264	66188	N	-102	-102	149	149	0
56414	90029	N	121	122	129	129	0
48482	43735	N	43	42	208	208	0
48482	25006	N	-200	-200	51	51	0
48482	41924	N	-180	-180	71	71	0
48482	80079	N	189	189	62	62	0
48482	100935	N	-6	-6	245	245	0
48482	99761	N	-141	-141	110	110	0
83432	23800	N	-101	-101	150	150	0
1179	87140	N	46	46	205	205	0
28381	35205	N	-143	-143	108	108	0
28381	96202	N	-156	-156	95	95	0
28381	55811	N	-181	-181	70	70	0
95389	34186	N	-92	-93	158	158	0
95389	41399	N	70	65	181	181	0
35205	67648	N	199	199	52	52	0
105183	23829	N	164	161	87	87	0
105183	48174	N	-9	-9	242	242	0
60763	23800	N	-208	-208	43	43	0
8487	78610	N	-78	-80	171	171	0
8487	55470	N	163	161	88	88	0
8487	75101	N	231	230	20	20	0
106462	67029	N	196	196	55	55	0
22663	58838	N	-212	-212	39	39	0
22663	96313	N	-119	-119	132	132	0
22663	56564	N	0	0	251	251	0
22663	52278	N	-224	-226	25	25	0
8500	49341	N	-60	-60	191	191	0
61713	20865	N	-5	-5	246	246	0
6031	8968	N	83	84	167	167	0
6031	52278	N	184	183	66	66	0
40951	7666	N	204	203	47	47	0
23800	6220	N	138	135	113	113	0
23800	80321	N	-222	-223	28	28	0
88450	60765	N	-94	-94	157	157	0
104758	1050	N	25	25	226	226	0
104758	45568	N	171	171	80	80	0
68070	13620	N	-218	-219	32	32	0
35972	67029	N	112	112	139	139	0
68249	40041	N	108	106	142	142	0
47507	79560	N	-27	-27	224	224	0
47507	101323	N	28	27	223	223	0
47507	20726	N	13	12	238	238	0
47507	40041	N	136	133	115	115	0
43735	41924	N	-223	-222	28	28	0
43735	76162	N	-172	-172	78	78	0
43735	100935	N	-49	-48	202	202	0
43735	99761	N	-184	-183	67	67	0
49737	17238	N	-140	-140	111	111	0
95970	4927	N	24	24	227	227	0
65631	66222	N	160	160	91	91	0
62512	70543	N	-62	-62	188	188	0
83602	40041	N	207	204	44	44	0
8968	52278	N	101	99	150	150	0
101819	98121	N	82	82	168	168	0
7603	37223	N	223	224	27	27	0
7603	88668	N	92	92	158	158	0
34186	41399	N	162	158	88	88	0
47389	1294	N	177	173	74	74	0
58838	56564	N	212	212	39	39	0
58838	28625	N	202	201	49	49	0
58838	75753	N	-47	-48	203	203	0
96313	56564	N	119	119	132	132	0
67029	25006	N	171	171	80	80	0
67029	99761	N	230	230	21	21	0
88439	47311	N	-15	-15	236	236	0
44396	8742	N	32	31	219	219	0
45905	61072	N	224	224	27	27	0
69494	5364	N	-215	-214	36	36	0
69494	70111	N	-186	-187	63	63	0
69494	84445	N	114	115	136	136	0
60230	55415	N	207	207	44	44	0
79560	101323	N	55	54	196	196	0
79560	20726	N	40	39	211	211	0
79560	40041	N	163	160	88	88	0
103306	83972	N	-192	-190	59	59	0
15700	92610	N	146	146	105	105	0
23829	48174	N	-173	-170	78	78	0
56065	58337	N	156	154	95	95	0
25006	84763	N	231	230	20	20	0
25006	100935	N	194	194	57	57	0
25006	99761	N	59	59	192	192	0
101231	46321	N	181	176	70	70	0
28667	49629	N	-68	-66	183	183	0
49781	61893	N	172	171	79	79	0
50717	84558	N	108	107	143	143	0
101966	89186	N	162	161	89	89	0
101323	20726	N	-15	-15	235	235	0
101323	40041	N	108	106	142	142	0
56564	52278	N	-224	-226	25	25	0
20111	102740	N	-90	-82	161	161	0
61072	56278	N	-189	-190	61	61	0
61072	107175	N	-159	-160	91	91	0
61072	87140	N	46	46	205	205	0
41924	84763	N	211	210	40	40	0
41924	100935	N	174	174	77	77	0
41924	86858	N	223	222	28	28	0
60765	40041	N	-214	-217	34	34	0
23338	37223	N	-119	-119	132	132	0
28625	64008	N	178	179	72	72	0
28625	52278	N	-214	-215	35	35	0
28625	106464	N	70	71	180	180	0
20726	40041	N	123	121	127	127	0
36852	10143	N	222	222	29	29	0
36852	75753	N	209	208	42	42	0
37223	88668	N	-131	-132	119	119	0
66222	4927	N	214	214	37	37	0
66222	86834	N	78	77	173	173	0
92610	49992	N	-198	-198	53	53	0
92610	84993	N	-199	-199	52	52	0
14000	80079	N	186	186	65	65	0
92600	56278	N	-30	-30	220	220	0
9345	84558	N	224	223	27	27	0
15601	13598	N	51	54	196	196	0
15601	36943	N	-8	-4	243	243	0
14869	72441	N	43	43	207	207	0
4927	86834	N	-136	-137	114	114	0
84558	13598	N	-196	-196	54	54	0
96202	67648	N	212	212	39	39	0
96202	12222	N	-123	-123	128	128	0
96202	55811	N	-25	-25	226	226	0
1050	46853	N	-144	-144	107	107	0
56278	107175	N	30	30	220	220	0
61051	84445	N	-229	-228	22	22	0
67648	45568	N	-161	-161	90	90	0
12222	55811	N	98	98	153	153	0
55470	102740	N	-154	-152	97	97	0
47848	5890	N	-27	-27	224	224	0
80079	44246	N	-158	-159	92	92	0
80079	100935	N	-195	-195	56	56	0
100935	99761	N	-135	-135	116	116	0
76069	65411	N	122	124	125	125	0
13598	36943	N	-59	-58	192	192	0
46853	20341	N	-229	-231	20	20	0
107175	87140	N	205	206	45	45	0
86858	20341	N	86	85	164	164	0
75101	102740	N	-222	-221	29	29	0
48228	11959	N	180	184	67	67	0
